shape_id,shape_pt_lat,shape_pt_lon,shape_pt_sequence
blu,57.048967,-135.304665,0
blu,57.049682,-135.30465,1
blu,57.049917,-135.304656,2
blu,57.050131,-135.304663,3
blu,57.050131,-135.304937,4
blu,57.049921,-135.304933,5
blu,57.049917,-135.304656,6
blu,57.049682,-135.30465,7
blu,57.048967,-135.304665,8
blu,57.048699,-135.304675,9
blu,57.04778,-135.30466,10
blu,57.047421,-135.304665,11
blu,57.047252,-135.304681,12
blu,57.047116,-135.304768,13
blu,57.047217,-135.305259,14
blu,57.047303,-135.305684,15
blu,57.047361,-135.305969,16
blu,57.047648,-135.307392,17
blu,57.047748,-135.307888,18
blu,57.047924,-135.308713,19
blu,57.047999,-135.309064,20
blu,57.048034,-135.309243,21
blu,57.048178,-135.309917,22
blu,57.048349,-135.310592,23
blu,57.048456,-135.310538,24
blu,57.048647,-135.311219,25
blu,57.048563,-135.311295,26
blu,57.048708,-135.311691,27
blu,57.048984,-135.312351,28
blu,57.049225,-135.312829,29
blu,57.049478,-135.313276,30
blu,57.049834,-135.313906,31
blu,57.051243,-135.316271,32
blu,57.051796,-135.317204,33
blu,57.052149,-135.3178,34
blu,57.052398,-135.31822,35
blu,57.052744,-135.318805,36
blu,57.053057,-135.319333,37
blu,57.053343,-135.319872,38
blu,57.05348,-135.32019,39
blu,57.053619,-135.320583,40
blu,57.053733,-135.320979,41
blu,57.053808,-135.321265,42
blu,57.053891,-135.321772,43
blu,57.053932,-135.322254,44
blu,57.053997,-135.323441,45
blu,57.054038,-135.32411,46
blu,57.053968,-135.324133,47
blu,57.053413,-135.324294,48
blu,57.052942,-135.324438,49
blu,57.052089,-135.32468,50
blu,57.052071,-135.324411,51
blu,57.051909,-135.32442,52
blu,57.051849,-135.323816,53
blu,57.052012,-135.323765,54
blu,57.052071,-135.324411,55
blu,57.052089,-135.32468,56
blu,57.051321,-135.324911,57
blu,57.05085,-135.325051,58
blu,57.050776,-135.32458,59
blu,57.050737,-135.324309,60
blu,57.050689,-135.324109,61
blu,57.050622,-135.323927,62
blu,57.050552,-135.323787,63
blu,57.050487,-135.32369,64
blu,57.050436,-135.323627,65
blu,57.050386,-135.323581,66
blu,57.050279,-135.323505,67
blu,57.050099,-135.323427,68
blu,57.049967,-135.323375,69
blu,57.049844,-135.323322,70
blu,57.049721,-135.323222,71
blu,57.049587,-135.323071,72
blu,57.049389,-135.322836,73
blu,57.049148,-135.322544,74
blu,57.048962,-135.322316,75
blu,57.048811,-135.322124,76
blu,57.048751,-135.321993,77
blu,57.048709,-135.321839,78
blu,57.048689,-135.3217,79
blu,57.048681,-135.321547,80
blu,57.048667,-135.321302,81
blu,57.048645,-135.320926,82
blu,57.048625,-135.320525,83
blu,57.048634,-135.32028,84
blu,57.048659,-135.320122,85
blu,57.048687,-135.320042,86
blu,57.048799,-135.319875,87
blu,57.049022,-135.319711,88
blu,57.049013,-135.319619,89
blu,57.049094,-135.319302,90
blu,57.049129,-135.319246,91
blu,57.049444,-135.319011,92
blu,57.049501,-135.319008,93
blu,57.049566,-135.319062,94
blu,57.049588,-135.319194,95
blu,57.049563,-135.319287,96
blu,57.049529,-135.31935,97
blu,57.04941,-135.319452,98
blu,57.049022,-135.319711,99
blu,57.048799,-135.319875,100
blu,57.048687,-135.320042,101
blu,57.048659,-135.320122,102
blu,57.048634,-135.32028,103
blu,57.048625,-135.320525,104
blu,57.048645,-135.320926,105
blu,57.048667,-135.321302,106
blu,57.048681,-135.321547,107
blu,57.048689,-135.3217,108
blu,57.048709,-135.321839,109
blu,57.048751,-135.321993,110
blu,57.048811,-135.322124,111
blu,57.048962,-135.322316,112
blu,57.049148,-135.322544,113
blu,57.049389,-135.322836,114
blu,57.049587,-135.323071,115
blu,57.049721,-135.323222,116
blu,57.049844,-135.323322,117
blu,57.049967,-135.323375,118
blu,57.050099,-135.323427,119
blu,57.050279,-135.323505,120
blu,57.050386,-135.323581,121
blu,57.050436,-135.323627,122
blu,57.050487,-135.32369,123
blu,57.050552,-135.323787,124
blu,57.050622,-135.323927,125
blu,57.050689,-135.324109,126
blu,57.050737,-135.324309,127
blu,57.050776,-135.32458,128
blu,57.05085,-135.325051,129
blu,57.051018,-135.326218,130
blu,57.051105,-135.326811,131
blu,57.05117,-135.327358,132
blu,57.051206,-135.327729,133
blu,57.051229,-135.328015,134
blu,57.051258,-135.328518,135
blu,57.051276,-135.32903,136
blu,57.051286,-135.32961,137
blu,57.051281,-135.330086,138
blu,57.051263,-135.33049,139
blu,57.051177,-135.331475,140
blu,57.051134,-135.331881,141
blu,57.050919,-135.331806,142
blu,57.050136,-135.331828,143
blu,57.050238,-135.332465,144
blu,57.05041,-135.332827,145
blu,57.050507,-135.33278,146
blu,57.050616,-135.332756,147
blu,57.050768,-135.332768,148
blu,57.051039,-135.332831,149
blu,57.051074,-135.332653,150
blu,57.051035,-135.33252,151
blu,57.05107,-135.332081,152
blu,57.051134,-135.331881,153
blu,57.050919,-135.331806,154
blu,57.050136,-135.331828,155
blu,57.050238,-135.332465,156
blu,57.05041,-135.332827,157
blu,57.050507,-135.33278,158
blu,57.050616,-135.332756,159
blu,57.050768,-135.332768,160
blu,57.051039,-135.332831,161
blu,57.051235,-135.33287,162
blu,57.051338,-135.332918,163
blu,57.051515,-135.333053,164
blu,57.051597,-135.333152,165
blu,57.051724,-135.33338,166
blu,57.052012,-135.334049,167
blu,57.052171,-135.334276,168
blu,57.052377,-135.334455,169
blu,57.052813,-135.334584,170
blu,57.053025,-135.334666,171
blu,57.053118,-135.334624,172
blu,57.053154,-135.334559,173
blu,57.053184,-135.334532,174
blu,57.053233,-135.334518,175
blu,57.053282,-135.334539,176
blu,57.053322,-135.334593,177
blu,57.053502,-135.334701,178
blu,57.05444,-135.33497,179
blu,57.054691,-135.335038,180
blu,57.054916,-135.335086,181
blu,57.05515,-135.335083,182
blu,57.055621,-135.335087,183
blu,57.056287,-135.335093,184
blu,57.056413,-135.33512,185
blu,57.056515,-135.335169,186
blu,57.056702,-135.335267,187
blu,57.056888,-135.33399,188
blu,57.058068,-135.334579,189
blu,57.058835,-135.334974,190
blu,57.059468,-135.335282,191
blu,57.060377,-135.33576,192
blu,57.060942,-135.33714,193
blu,57.060994,-135.337238,194
blu,57.06106,-135.337311,195
blu,57.061063,-135.339628,196
blu,57.061064,-135.341615,197
blu,57.061759,-135.341976,198
blu,57.062186,-135.34209,199
blu,57.06237,-135.341928,200
blu,57.062489,-135.34189,201
blu,57.062591,-135.341888,202
blu,57.062594,-135.341535,203
blu,57.062912,-135.341529,204
blu,57.062913,-135.34188,205
blu,57.062591,-135.341888,206
blu,57.062489,-135.34189,207
blu,57.06237,-135.341928,208
blu,57.062186,-135.34209,209
blu,57.061759,-135.341976,210
blu,57.061064,-135.341615,211
blu,57.060799,-135.341476,212
blu,57.060716,-135.341414,213
blu,57.060631,-135.341308,214
blu,57.060541,-135.34113,215
blu,57.060323,-135.340614,216
blu,57.060001,-135.339862,217
blu,57.059499,-135.338689,218
blu,57.059226,-135.33805,219
blu,57.058817,-135.337091,220
blu,57.058498,-135.336348,221
blu,57.058447,-135.336253,222
blu,57.058389,-135.336172,223
blu,57.058317,-135.336105,224
blu,57.058224,-135.33605,225
blu,57.058118,-135.335997,226
blu,57.057864,-135.335861,227
blu,57.056702,-135.335267,228
blu,57.056515,-135.335169,229
blu,57.056413,-135.33512,230
blu,57.056287,-135.335093,231
blu,57.055621,-135.335087,232
blu,57.05515,-135.335083,233
blu,57.054916,-135.335086,234
blu,57.054691,-135.335038,235
blu,57.05444,-135.33497,236
blu,57.053502,-135.334701,237
blu,57.053358,-135.334818,238
blu,57.053353,-135.334848,239
blu,57.053346,-135.334876,240
blu,57.053315,-135.334949,241
blu,57.053272,-135.334995,242
blu,57.053223,-135.335008,243
blu,57.053174,-135.334986,244
blu,57.053145,-135.334956,245
blu,57.053122,-135.334912,246
blu,57.053106,-135.334858,247
blu,57.053094,-135.334769,248
blu,57.053103,-135.334678,249
blu,57.053118,-135.334624,250
blu,57.053154,-135.334559,251
blu,57.053184,-135.334532,252
blu,57.053256,-135.334383,253
blu,57.053351,-135.334036,254
blu,57.053551,-135.332504,255
blu,57.053763,-135.330935,256
blu,57.053816,-135.330543,257
blu,57.054261,-135.327276,258
blu,57.054289,-135.327078,259
blu,57.054305,-135.326886,260
blu,57.054303,-135.326703,261
blu,57.054279,-135.326471,262
blu,57.054079,-135.324546,263
blu,57.054038,-135.32411,264
blu,57.053997,-135.323441,265
blu,57.053932,-135.322254,266
blu,57.053891,-135.321772,267
blu,57.053808,-135.321265,268
blu,57.053733,-135.320979,269
blu,57.053619,-135.320583,270
blu,57.05348,-135.32019,271
blu,57.053343,-135.319872,272
blu,57.053057,-135.319333,273
blu,57.052744,-135.318805,274
blu,57.052398,-135.31822,275
blu,57.052149,-135.3178,276
blu,57.051796,-135.317204,277
blu,57.051243,-135.316271,278
blu,57.049834,-135.313906,279
blu,57.049478,-135.313276,280
blu,57.049225,-135.312829,281
blu,57.048984,-135.312351,282
blu,57.048708,-135.311691,283
blu,57.048563,-135.311295,284
blu,57.048349,-135.310592,285
blu,57.048178,-135.309917,286
blu,57.048034,-135.309243,287
blu,57.047999,-135.309064,288
blu,57.047924,-135.308713,289
blu,57.047748,-135.307888,290
blu,57.047648,-135.307392,291
blu,57.047361,-135.305969,292
blu,57.047303,-135.305684,293
blu,57.047217,-135.305259,294
blu,57.047116,-135.304768,295
blu,57.047252,-135.304681,296
blu,57.047421,-135.304665,297
blu,57.04778,-135.30466,298
blu,57.048699,-135.304675,299
blu,57.048967,-135.304665,300
blu,57.049682,-135.30465,301
blu,57.049917,-135.304656,302
blu,57.050131,-135.304663,303
blu,57.050131,-135.304937,304
blu,57.049921,-135.304933,305
blu,57.049917,-135.304656,306
blu,57.049682,-135.30465,307
blu,57.048967,-135.304665,308
blu,57.048699,-135.304675,309
blu,57.04778,-135.30466,310
blu,57.047421,-135.304665,311
blu,57.047252,-135.304681,312
blu,57.047116,-135.304768,313
blu,57.046862,-135.303523,314
blu,57.046695,-135.302698,315
blu,57.046663,-135.302508,316
blu,57.046649,-135.302375,317
blu,57.04664,-135.302247,318
blu,57.046632,-135.30207,319
blu,57.046637,-135.301765,320
blu,57.046648,-135.301613,321
blu,57.046661,-135.301473,322
blu,57.046682,-135.301345,323
blu,57.046715,-135.301168,324
blu,57.046761,-135.300969,325
blu,57.046816,-135.300775,326
blu,57.046931,-135.300451,327
blu,57.047016,-135.300197,328
blu,57.047188,-135.29968,329
blu,57.047264,-135.299424,330
blu,57.047352,-135.299038,331
blu,57.047396,-135.298782,332
blu,57.047438,-135.298482,333
blu,57.047461,-135.29822,334
blu,57.047477,-135.297946,335
blu,57.047499,-135.297042,336
blu,57.047518,-135.29602,337
blu,57.047506,-135.295659,338
blu,57.047482,-135.295356,339
blu,57.047438,-135.295008,340
blu,57.047373,-135.294656,341
blu,57.047253,-135.29418,342
blu,57.047178,-135.293891,343
blu,57.047086,-135.293533,344
blu,57.047017,-135.293182,345
blu,57.046965,-135.292805,346
blu,57.046933,-135.292434,347
blu,57.046898,-135.291697,348
blu,57.046851,-135.29066,349
blu,57.046825,-135.29009,350
blu,57.046805,-135.289734,351
blu,57.046775,-135.289349,352
blu,57.04674,-135.289049,353
blu,57.046664,-135.288584,354
blu,57.046614,-135.288319,355
blu,57.046443,-135.287451,356
blu,57.046258,-135.286531,357
blu,57.046109,-135.286011,358
blu,57.045916,-135.285545,359
blu,57.045817,-135.285353,360
blu,57.045583,-135.284986,361
blu,57.045263,-135.284519,362
blu,57.044849,-135.283924,363
blu,57.044627,-135.283599,364
blu,57.044378,-135.28324,365
blu,57.044131,-135.282882,366
blu,57.043936,-135.282593,367
blu,57.043822,-135.282399,368
blu,57.043707,-135.282158,369
blu,57.04364,-135.282,370
blu,57.043578,-135.281838,371
blu,57.043505,-135.281612,372
blu,57.043415,-135.281248,373
blu,57.043306,-135.280613,374
blu,57.043197,-135.279963,375
blu,57.043116,-135.279506,376
blu,57.042973,-135.278861,377
blu,57.042854,-135.278408,378
blu,57.042773,-135.278125,379
blu,57.042465,-135.277123,380
blu,57.042316,-135.276647,381
blu,57.042229,-135.276395,382
blu,57.042143,-135.276214,383
blu,57.041976,-135.27595,384
blu,57.041881,-135.275843,385
blu,57.041687,-135.275688,386
blu,57.041306,-135.275477,387
blu,57.041136,-135.275364,388
blu,57.041005,-135.275225,389
blu,57.040891,-135.275061,390
blu,57.040749,-135.274775,391
blu,57.04061,-135.274365,392
blu,57.040475,-135.273895,393
blu,57.040241,-135.273075,394
blu,57.040134,-135.272692,395
blu,57.040061,-135.272327,396
blu,57.040028,-135.272016,397
blu,57.040017,-135.271699,398
blu,57.040032,-135.271392,399
blu,57.040054,-135.271203,400
blu,57.040102,-135.270928,401
blu,57.040148,-135.270734,402
blu,57.040251,-135.270426,403
blu,57.040385,-135.27012,404
blu,57.04052,-135.269838,405
blu,57.040597,-135.269651,406
blu,57.040642,-135.269509,407
blu,57.040678,-135.269336,408
blu,57.0407,-135.269112,409
blu,57.040695,-135.268866,410
blu,57.040663,-135.268564,411
blu,57.040623,-135.268218,412
blu,57.040601,-135.267842,413
blu,57.040621,-135.267589,414
blu,57.040663,-135.267377,415
blu,57.040747,-135.267136,416
blu,57.040838,-135.266969,417
blu,57.040928,-135.266845,418
blu,57.041033,-135.266715,419
blu,57.041252,-135.266448,420
blu,57.041349,-135.266298,421
blu,57.041441,-135.266084,422
blu,57.041499,-135.265875,423
blu,57.041532,-135.265633,424
blu,57.041542,-135.265411,425
blu,57.041536,-135.265257,426
blu,57.041504,-135.265022,427
blu,57.04146,-135.264844,428
blu,57.04139,-135.264644,429
blu,57.041333,-135.264503,430
blu,57.041085,-135.263882,431
blu,57.040784,-135.26313,432
blu,57.04043,-135.26224,433
blu,57.040233,-135.261745,434
blu,57.040069,-135.261331,435
blu,57.039878,-135.260853,436
blu,57.039686,-135.260371,437
blu,57.039533,-135.25996,438
blu,57.039339,-135.259346,439
blu,57.039191,-135.258805,440
blu,57.038854,-135.257565,441
blu,57.038763,-135.257271,442
blu,57.038691,-135.257082,443
blu,57.038617,-135.256922,444
blu,57.038479,-135.25666,445
blu,57.038384,-135.256506,446
blu,57.03829,-135.256376,447
blu,57.038033,-135.256091,448
blu,57.037861,-135.255915,449
blu,57.037769,-135.25582,450
blu,57.037492,-135.255536,451
blu,57.037227,-135.255269,452
blu,57.03712,-135.25517,453
blu,57.036889,-135.254977,454
blu,57.036688,-135.254833,455
blu,57.036312,-135.254604,456
blu,57.036049,-135.254446,457
blu,57.035813,-135.254265,458
blu,57.035464,-135.253945,459
blu,57.03513,-135.253627,460
blu,57.034935,-135.253442,461
blu,57.034833,-135.253358,462
blu,57.034708,-135.253284,463
blu,57.034546,-135.253223,464
blu,57.03434,-135.253186,465
blu,57.034146,-135.253152,466
blu,57.033974,-135.253117,467
blu,57.033843,-135.253068,468
blu,57.033781,-135.253261,469
blu,57.033483,-135.252989,470
blu,57.033542,-135.252791,471
blu,57.033409,-135.252548,472
blu,57.033316,-135.252283,473
blu,57.033237,-135.25191,474
blu,57.033202,-135.251481,475
blu,57.033177,-135.251111,476
blu,57.033153,-135.250694,477
blu,57.033128,-135.250176,478
blu,57.033144,-135.249951,479
blu,57.033176,-135.249771,480
blu,57.033217,-135.249606,481
blu,57.033258,-135.249487,482
blu,57.0333,-135.249388,483
blu,57.033366,-135.249267,484
blu,57.033487,-135.249109,485
blu,57.033633,-135.248961,486
blu,57.033764,-135.248829,487
blu,57.033894,-135.248696,488
blu,57.033998,-135.248594,489
blu,57.034065,-135.248521,490
blu,57.034159,-135.248405,491
blu,57.034263,-135.248227,492
blu,57.034389,-135.247953,493
blu,57.034481,-135.247766,494
blu,57.034563,-135.247602,495
blu,57.034628,-135.247505,496
blu,57.03471,-135.247415,497
blu,57.034803,-135.247345,498
blu,57.034904,-135.247299,499
blu,57.035157,-135.247265,500
blu,57.035297,-135.247244,501
blu,57.035439,-135.24718,502
blu,57.035505,-135.247128,503
blu,57.035588,-135.247047,504
blu,57.035646,-135.246953,505
blu,57.035696,-135.246854,506
blu,57.035742,-135.24674,507
blu,57.03578,-135.24662,508
blu,57.035884,-135.246217,509
blu,57.035951,-135.245939,510
blu,57.036019,-135.245677,511
blu,57.03611,-135.245368,512
blu,57.036217,-135.24511,513
blu,57.036336,-135.244882,514
blu,57.036466,-135.24466,515
blu,57.036672,-135.244303,516
blu,57.036828,-135.244036,517
blu,57.036965,-135.24378,518
blu,57.03707,-135.243538,519
blu,57.037177,-135.243263,520
blu,57.037322,-135.242893,521
blu,57.037429,-135.242636,522
blu,57.0375,-135.242503,523
blu,57.037569,-135.242395,524
blu,57.037646,-135.242304,525
blu,57.037731,-135.242222,526
blu,57.037824,-135.242154,527
blu,57.038167,-135.241961,528
blu,57.038257,-135.241887,529
blu,57.038335,-135.241792,530
blu,57.038417,-135.241659,531
blu,57.038484,-135.241511,532
blu,57.038527,-135.241374,533
blu,57.038566,-135.241214,534
blu,57.038587,-135.24105,535
blu,57.038596,-135.240894,536
blu,57.038599,-135.240295,537
blu,57.038599,-135.239896,538
blu,57.038607,-135.239634,539
blu,57.038639,-135.239389,540
blu,57.038673,-135.239236,541
blu,57.038729,-135.239054,542
blu,57.038807,-135.238873,543
blu,57.038909,-135.23871,544
blu,57.039252,-135.238253,545
blu,57.039646,-135.237728,546
blu,57.039938,-135.237341,547
blu,57.040055,-135.237186,548
blu,57.040178,-135.237021,549
blu,57.040328,-135.236793,550
blu,57.040419,-135.236588,551
blu,57.040517,-135.236212,552
blu,57.040551,-135.235886,553
blu,57.040573,-135.235597,554
blu,57.040607,-135.235358,555
blu,57.040658,-135.235136,556
blu,57.040725,-135.234903,557
blu,57.040813,-135.234686,558
blu,57.040927,-135.234487,559
blu,57.041281,-135.233929,560
blu,57.041414,-135.233725,561
blu,57.041576,-135.233527,562
blu,57.041764,-135.23338,563
blu,57.041899,-135.233321,564
blu,57.042079,-135.233283,565
blu,57.042246,-135.23326,566
blu,57.042554,-135.233212,567
blu,57.042799,-135.23317,568
blu,57.043014,-135.233064,569
blu,57.043318,-135.232857,570
blu,57.043575,-135.232684,571
blu,57.043848,-135.232537,572
blu,57.044045,-135.232489,573
blu,57.044184,-135.232501,574
blu,57.044326,-135.232528,575
blu,57.044725,-135.232635,576
blu,57.044902,-135.232678,577
blu,57.045084,-135.232702,578
blu,57.045456,-135.232673,579
blu,57.04578,-135.232629,580
blu,57.046142,-135.232585,581
blu,57.046373,-135.232582,582
blu,57.046541,-135.232632,583
blu,57.046687,-135.232703,584
blu,57.046771,-135.232745,585
blu,57.046928,-135.232829,586
blu,57.047079,-135.232791,587
blu,57.047212,-135.232855,588
blu,57.04731,-135.233027,589
blu,57.047379,-135.233063,590
blu,57.047579,-135.233165,591
blu,57.047702,-135.233231,592
blu,57.047673,-135.233444,593
blu,57.047549,-135.233391,594
blu,57.047579,-135.233165,595
blu,57.047379,-135.233063,596
blu,57.04731,-135.233027,597
blu,57.046928,-135.232829,598
blu,57.046771,-135.232745,599
blu,57.046687,-135.232703,600
blu,57.046541,-135.232632,601
blu,57.046373,-135.232582,602
blu,57.046142,-135.232585,603
blu,57.04578,-135.232629,604
blu,57.045456,-135.232673,605
blu,57.045084,-135.232702,606
blu,57.044902,-135.232678,607
blu,57.044725,-135.232635,608
blu,57.044326,-135.232528,609
blu,57.044184,-135.232501,610
blu,57.044045,-135.232489,611
blu,57.043848,-135.232537,612
blu,57.043575,-135.232684,613
blu,57.043318,-135.232857,614
blu,57.043014,-135.233064,615
blu,57.042799,-135.23317,616
blu,57.042554,-135.233212,617
blu,57.042246,-135.23326,618
blu,57.042079,-135.233283,619
blu,57.041899,-135.233321,620
blu,57.041764,-135.23338,621
blu,57.041576,-135.233527,622
blu,57.041414,-135.233725,623
blu,57.041281,-135.233929,624
blu,57.040927,-135.234487,625
blu,57.040813,-135.234686,626
blu,57.040725,-135.234903,627
blu,57.040658,-135.235136,628
blu,57.040607,-135.235358,629
blu,57.040573,-135.235597,630
blu,57.040551,-135.235886,631
blu,57.040517,-135.236212,632
blu,57.040419,-135.236588,633
blu,57.040328,-135.236793,634
blu,57.040178,-135.237021,635
blu,57.040055,-135.237186,636
blu,57.039938,-135.237341,637
blu,57.039646,-135.237728,638
blu,57.039252,-135.238253,639
blu,57.038909,-135.23871,640
blu,57.038807,-135.238873,641
blu,57.038729,-135.239054,642
blu,57.038673,-135.239236,643
blu,57.038639,-135.239389,644
blu,57.038607,-135.239634,645
blu,57.038599,-135.239896,646
blu,57.038599,-135.240295,647
blu,57.038596,-135.240894,648
blu,57.038587,-135.24105,649
blu,57.038566,-135.241214,650
blu,57.038527,-135.241374,651
blu,57.038484,-135.241511,652
blu,57.038417,-135.241659,653
blu,57.038335,-135.241792,654
blu,57.038257,-135.241887,655
blu,57.038167,-135.241961,656
blu,57.037824,-135.242154,657
blu,57.037731,-135.242222,658
blu,57.037646,-135.242304,659
blu,57.037569,-135.242395,660
blu,57.0375,-135.242503,661
blu,57.037429,-135.242636,662
blu,57.037322,-135.242893,663
blu,57.037177,-135.243263,664
blu,57.03707,-135.243538,665
blu,57.036965,-135.24378,666
blu,57.036828,-135.244036,667
blu,57.036672,-135.244303,668
blu,57.036466,-135.24466,669
blu,57.036336,-135.244882,670
blu,57.036217,-135.24511,671
blu,57.03611,-135.245368,672
blu,57.036019,-135.245677,673
blu,57.035951,-135.245939,674
blu,57.035884,-135.246217,675
blu,57.03578,-135.24662,676
blu,57.035742,-135.24674,677
blu,57.035696,-135.246854,678
blu,57.035646,-135.246953,679
blu,57.035588,-135.247047,680
blu,57.035505,-135.247128,681
blu,57.035439,-135.24718,682
blu,57.035297,-135.247244,683
blu,57.035157,-135.247265,684
blu,57.034904,-135.247299,685
blu,57.034803,-135.247345,686
blu,57.03471,-135.247415,687
blu,57.034628,-135.247505,688
blu,57.034563,-135.247602,689
blu,57.034481,-135.247766,690
blu,57.034389,-135.247953,691
blu,57.034263,-135.248227,692
blu,57.034159,-135.248405,693
blu,57.034065,-135.248521,694
blu,57.033998,-135.248594,695
blu,57.033894,-135.248696,696
blu,57.033764,-135.248829,697
blu,57.033633,-135.248961,698
blu,57.033487,-135.249109,699
blu,57.033366,-135.249267,700
blu,57.0333,-135.249388,701
blu,57.033258,-135.249487,702
blu,57.033217,-135.249606,703
blu,57.033176,-135.249771,704
blu,57.033144,-135.249951,705
blu,57.033128,-135.250176,706
blu,57.033153,-135.250694,707
blu,57.033177,-135.251111,708
blu,57.033202,-135.251481,709
blu,57.033237,-135.25191,710
blu,57.033316,-135.252283,711
blu,57.033409,-135.252548,712
blu,57.033542,-135.252791,713
blu,57.033632,-135.252902,714
blu,57.033726,-135.252989,715
blu,57.033843,-135.253068,716
blu,57.033974,-135.253117,717
blu,57.034146,-135.253152,718
blu,57.03434,-135.253186,719
blu,57.034546,-135.253223,720
blu,57.034708,-135.253284,721
blu,57.034833,-135.253358,722
blu,57.034935,-135.253442,723
blu,57.03513,-135.253627,724
blu,57.035464,-135.253945,725
blu,57.035813,-135.254265,726
blu,57.036049,-135.254446,727
blu,57.036312,-135.254604,728
blu,57.036688,-135.254833,729
blu,57.036889,-135.254977,730
blu,57.03712,-135.25517,731
blu,57.037227,-135.255269,732
blu,57.037492,-135.255536,733
blu,57.037595,-135.255378,734
blu,57.037804,-135.255593,735
blu,57.037769,-135.25582,736
blu,57.037861,-135.255915,737
blu,57.038033,-135.256091,738
blu,57.03829,-135.256376,739
blu,57.038384,-135.256506,740
blu,57.038479,-135.25666,741
blu,57.038617,-135.256922,742
blu,57.038691,-135.257082,743
blu,57.038763,-135.257271,744
blu,57.038854,-135.257565,745
blu,57.039191,-135.258805,746
blu,57.039339,-135.259346,747
blu,57.039533,-135.25996,748
blu,57.039686,-135.260371,749
blu,57.039878,-135.260853,750
blu,57.040069,-135.261331,751
blu,57.040233,-135.261745,752
blu,57.04043,-135.26224,753
blu,57.040784,-135.26313,754
blu,57.041085,-135.263882,755
blu,57.041333,-135.264503,756
blu,57.04139,-135.264644,757
blu,57.04146,-135.264844,758
blu,57.041504,-135.265022,759
blu,57.041536,-135.265257,760
blu,57.041542,-135.265411,761
blu,57.041532,-135.265633,762
blu,57.041499,-135.265875,763
blu,57.041441,-135.266084,764
blu,57.041349,-135.266298,765
blu,57.041252,-135.266448,766
blu,57.041033,-135.266715,767
blu,57.040928,-135.266845,768
blu,57.040838,-135.266969,769
blu,57.040747,-135.267136,770
blu,57.040663,-135.267377,771
blu,57.040621,-135.267589,772
blu,57.040601,-135.267842,773
blu,57.040623,-135.268218,774
blu,57.040663,-135.268564,775
blu,57.040695,-135.268866,776
blu,57.0407,-135.269112,777
blu,57.040678,-135.269336,778
blu,57.040642,-135.269509,779
blu,57.040597,-135.269651,780
blu,57.04052,-135.269838,781
blu,57.040385,-135.27012,782
blu,57.040251,-135.270426,783
blu,57.040148,-135.270734,784
blu,57.040102,-135.270928,785
blu,57.040054,-135.271203,786
blu,57.040032,-135.271392,787
blu,57.040017,-135.271699,788
blu,57.040028,-135.272016,789
blu,57.040061,-135.272327,790
blu,57.040134,-135.272692,791
blu,57.040241,-135.273075,792
blu,57.040475,-135.273895,793
blu,57.04061,-135.274365,794
blu,57.040749,-135.274775,795
blu,57.040891,-135.275061,796
blu,57.041005,-135.275225,797
blu,57.041136,-135.275364,798
blu,57.041306,-135.275477,799
blu,57.041687,-135.275688,800
blu,57.041881,-135.275843,801
blu,57.041976,-135.27595,802
blu,57.042143,-135.276214,803
blu,57.042229,-135.276395,804
blu,57.042316,-135.276647,805
blu,57.042465,-135.277123,806
blu,57.042773,-135.278125,807
blu,57.042854,-135.278408,808
blu,57.042973,-135.278861,809
blu,57.043116,-135.279506,810
blu,57.043197,-135.279963,811
blu,57.043306,-135.280613,812
blu,57.043724,-135.28036,813
blu,57.043306,-135.280613,814
blu,57.043415,-135.281248,815
blu,57.043505,-135.281612,816
blu,57.043578,-135.281838,817
blu,57.04364,-135.282,818
blu,57.043707,-135.282158,819
blu,57.043822,-135.282399,820
blu,57.043936,-135.282593,821
blu,57.044131,-135.282882,822
blu,57.044378,-135.28324,823
blu,57.044627,-135.283599,824
blu,57.044849,-135.283924,825
blu,57.045263,-135.284519,826
blu,57.045583,-135.284986,827
blu,57.045817,-135.285353,828
blu,57.045916,-135.285545,829
blu,57.046109,-135.286011,830
blu,57.046258,-135.286531,831
blu,57.046443,-135.287451,832
blu,57.046614,-135.288319,833
blu,57.046664,-135.288584,834
blu,57.04674,-135.289049,835
blu,57.046775,-135.289349,836
blu,57.046805,-135.289734,837
blu,57.046825,-135.29009,838
blu,57.046851,-135.29066,839
blu,57.046898,-135.291697,840
blu,57.046933,-135.292434,841
blu,57.046965,-135.292805,842
blu,57.047017,-135.293182,843
blu,57.047086,-135.293533,844
blu,57.047178,-135.293891,845
blu,57.047253,-135.29418,846
blu,57.047373,-135.294656,847
blu,57.047438,-135.295008,848
blu,57.047482,-135.295356,849
blu,57.047506,-135.295659,850
blu,57.047518,-135.29602,851
blu,57.047499,-135.297042,852
blu,57.047477,-135.297946,853
blu,57.047461,-135.29822,854
blu,57.047438,-135.298482,855
blu,57.047396,-135.298782,856
blu,57.047352,-135.299038,857
blu,57.047264,-135.299424,858
blu,57.047188,-135.29968,859
blu,57.047016,-135.300197,860
blu,57.046931,-135.300451,861
blu,57.046816,-135.300775,862
blu,57.046761,-135.300969,863
blu,57.046715,-135.301168,864
blu,57.046682,-135.301345,865
blu,57.046661,-135.301473,866
blu,57.046648,-135.301613,867
blu,57.046637,-135.301765,868
blu,57.046632,-135.30207,869
blu,57.04664,-135.302247,870
blu,57.046649,-135.302375,871
blu,57.046663,-135.302508,872
blu,57.046695,-135.302698,873
blu,57.046862,-135.303523,874
blu,57.047116,-135.304768,875
blu,57.047252,-135.304681,876
blu,57.047421,-135.304665,877
blu,57.04778,-135.30466,878
blu,57.048699,-135.304675,879
blu,57.048967,-135.304665,880
grn,57.050233,-135.339662,0
grn,57.050345,-135.339919,1
grn,57.050439,-135.340148,2
grn,57.050545,-135.340393,3
grn,57.05061,-135.340554,4
grn,57.050737,-135.340836,5
grn,57.050862,-135.341051,6
grn,57.050943,-135.341168,7
grn,57.051018,-135.341249,8
grn,57.051146,-135.341368,9
grn,57.051317,-135.341525,10
grn,57.051408,-135.34164,11
grn,57.05149,-135.341765,12
grn,57.051569,-135.341909,13
grn,57.051739,-135.342183,14
grn,57.051866,-135.342366,15
grn,57.051992,-135.34248,16
grn,57.052287,-135.342683,17
grn,57.052342,-135.342727,18
grn,57.052378,-135.342767,19
grn,57.052421,-135.342824,20
grn,57.052469,-135.342891,21
grn,57.052515,-135.342981,22
grn,57.052586,-135.343217,23
grn,57.05266,-135.343553,24
grn,57.052743,-135.343921,25
grn,57.052789,-135.344059,26
grn,57.052853,-135.344193,27
grn,57.053017,-135.344495,28
grn,57.0531,-135.344651,29
grn,57.053219,-135.34488,30
grn,57.053371,-135.345168,31
grn,57.053446,-135.345329,32
grn,57.05351,-135.345428,33
grn,57.053613,-135.345551,34
grn,57.053833,-135.345801,35
grn,57.054018,-135.346015,36
grn,57.05416,-135.346166,37
grn,57.054337,-135.346348,38
grn,57.054451,-135.346471,39
grn,57.054571,-135.346631,40
grn,57.054649,-135.346759,41
grn,57.054762,-135.346983,42
grn,57.054863,-135.347228,43
grn,57.055052,-135.347585,44
grn,57.055194,-135.347831,45
grn,57.05533,-135.347982,46
grn,57.055532,-135.34814,47
grn,57.05566,-135.348208,48
grn,57.055828,-135.348267,49
grn,57.056012,-135.34828,50
grn,57.056125,-135.348275,51
grn,57.056248,-135.348224,52
grn,57.056397,-135.348142,53
grn,57.056523,-135.348051,54
grn,57.056678,-135.347907,55
grn,57.056631,-135.347637,56
grn,57.056777,-135.347454,57
grn,57.056923,-135.347632,58
grn,57.057073,-135.347463,59
grn,57.057349,-135.347145,60
grn,57.057566,-135.34693,61
grn,57.057872,-135.346608,62
grn,57.058052,-135.346365,63
grn,57.057912,-135.346207,64
grn,57.05738,-135.345543,65
grn,57.05676,-135.344783,66
grn,57.056625,-135.344598,67
grn,57.05649,-135.344394,68
grn,57.056347,-135.34414,69
grn,57.056151,-135.343729,70
grn,57.055918,-135.3431,71
grn,57.055568,-135.342024,72
grn,57.055457,-135.341698,73
grn,57.055292,-135.34114,74
grn,57.055161,-135.340625,75
grn,57.055044,-135.340032,76
grn,57.054949,-135.339219,77
grn,57.054887,-135.338713,78
grn,57.054823,-135.338424,79
grn,57.054744,-135.338139,80
grn,57.054677,-135.337968,81
grn,57.054563,-135.337699,82
grn,57.053523,-135.335425,83
grn,57.053298,-135.335108,84
grn,57.053174,-135.334986,85
grn,57.053145,-135.334956,86
grn,57.053122,-135.334912,87
grn,57.053105,-135.334859,88
grn,57.053094,-135.334769,89
grn,57.053103,-135.334678,90
grn,57.053118,-135.334624,91
grn,57.053154,-135.334559,92
grn,57.053184,-135.334532,93
grn,57.053256,-135.334383,94
grn,57.053351,-135.334036,95
grn,57.053551,-135.332504,96
grn,57.053763,-135.330935,97
grn,57.053816,-135.330543,98
grn,57.054261,-135.327276,99
grn,57.054289,-135.327078,100
grn,57.054305,-135.326886,101
grn,57.054303,-135.326703,102
grn,57.054279,-135.326471,103
grn,57.054079,-135.324546,104
grn,57.054038,-135.32411,105
grn,57.053997,-135.323441,106
grn,57.053932,-135.322254,107
grn,57.053891,-135.321772,108
grn,57.053808,-135.321265,109
grn,57.053948,-135.321122,110
grn,57.053986,-135.321049,111
grn,57.054014,-135.320947,112
grn,57.054326,-135.31905,113
grn,57.054565,-135.317807,114
grn,57.054753,-135.316715,115
grn,57.054831,-135.316148,116
grn,57.054948,-135.315151,117
grn,57.055104,-135.313541,118
grn,57.055176,-135.312939,119
grn,57.055226,-135.312726,120
grn,57.05531,-135.312465,121
grn,57.055398,-135.312269,122
grn,57.055729,-135.31168,123
grn,57.055605,-135.311437,124
grn,57.05552,-135.311397,125
grn,57.055394,-135.311377,126
grn,57.055257,-135.311461,127
grn,57.055209,-135.311365,128
grn,57.055211,-135.311227,129
grn,57.055284,-135.311156,130
grn,57.055378,-135.311187,131
grn,57.055482,-135.311263,132
grn,57.055605,-135.311437,133
grn,57.055729,-135.31168,134
grn,57.055398,-135.312269,135
grn,57.05531,-135.312465,136
grn,57.055226,-135.312726,137
grn,57.055176,-135.312939,138
grn,57.055104,-135.313541,139
grn,57.054948,-135.315151,140
grn,57.054831,-135.316148,141
grn,57.054753,-135.316715,142
grn,57.054565,-135.317807,143
grn,57.054326,-135.31905,144
grn,57.054014,-135.320947,145
grn,57.053986,-135.321049,146
grn,57.053948,-135.321122,147
grn,57.053808,-135.321265,148
grn,57.053891,-135.321772,149
grn,57.053932,-135.322254,150
grn,57.053997,-135.323441,151
grn,57.054038,-135.32411,152
grn,57.054079,-135.324546,153
grn,57.054279,-135.326471,154
grn,57.054303,-135.326703,155
grn,57.054305,-135.326886,156
grn,57.054289,-135.327078,157
grn,57.054261,-135.327276,158
grn,57.053816,-135.330543,159
grn,57.053763,-135.330935,160
grn,57.053137,-135.330726,161
grn,57.053029,-135.330681,162
grn,57.052659,-135.33053,163
grn,57.052156,-135.330336,164
grn,57.051281,-135.330086,165
grn,57.051263,-135.33049,166
grn,57.051177,-135.331475,167
grn,57.051134,-135.331881,168
grn,57.05107,-135.332081,169
grn,57.051035,-135.33252,170
grn,57.051074,-135.332653,171
grn,57.051039,-135.332831,172
grn,57.050768,-135.332768,173
grn,57.050616,-135.332756,174
grn,57.050507,-135.33278,175
grn,57.05041,-135.332827,176
grn,57.050319,-135.332892,177
grn,57.050235,-135.33298,178
grn,57.050172,-135.333062,179
grn,57.050108,-135.333158,180
grn,57.050056,-135.333255,181
grn,57.050007,-135.333376,182
grn,57.049909,-135.333649,183
grn,57.049721,-135.334175,184
grn,57.049494,-135.334797,185
grn,57.049385,-135.335059,186
grn,57.049268,-135.3353,187
grn,57.049203,-135.335429,188
grn,57.049075,-135.335657,189
grn,57.048824,-135.335979,190
grn,57.048578,-135.33628,191
grn,57.048395,-135.336521,192
grn,57.048302,-135.336679,193
grn,57.048206,-135.336893,194
grn,57.048136,-135.337101,195
grn,57.048059,-135.33742,196
grn,57.048018,-135.337707,197
grn,57.047994,-135.338105,198
grn,57.047778,-135.342151,199
grn,57.047711,-135.343521,200
grn,57.047684,-135.344194,201
grn,57.047689,-135.344564,202
grn,57.047714,-135.344812,203
grn,57.047754,-135.345046,204
grn,57.04781,-135.345275,205
grn,57.047869,-135.345463,206
grn,57.047939,-135.345645,207
grn,57.048015,-135.34581,208
grn,57.048138,-135.34601,209
grn,57.048246,-135.346156,210
grn,57.048461,-135.346431,211
grn,57.048577,-135.346584,212
grn,57.048686,-135.346749,213
grn,57.048783,-135.346922,214
grn,57.048865,-135.34709,215
grn,57.048951,-135.3473,216
grn,57.049026,-135.347533,217
grn,57.049096,-135.347809,218
grn,57.049171,-135.348184,219
grn,57.049348,-135.34807,220
grn,57.049467,-135.34799,221
grn,57.049562,-135.347962,222
grn,57.049637,-135.347961,223
grn,57.049729,-135.347986,224
grn,57.049823,-135.348049,225
grn,57.0499,-135.348129,226
grn,57.050081,-135.348345,227
grn,57.050444,-135.348776,228
grn,57.050658,-135.349025,229
grn,57.050772,-135.349114,230
grn,57.050859,-135.349144,231
grn,57.05095,-135.349152,232
grn,57.051456,-135.349105,233
grn,57.052148,-135.350369,234
grn,57.052407,-135.350846,235
grn,57.052168,-135.351273,236
grn,57.051914,-135.350808,237
grn,57.052148,-135.350369,238
grn,57.051456,-135.349105,239
grn,57.05095,-135.349152,240
grn,57.050859,-135.349144,241
grn,57.050772,-135.349114,242
grn,57.050658,-135.349025,243
grn,57.050444,-135.348776,244
grn,57.050081,-135.348345,245
grn,57.0499,-135.348129,246
grn,57.049823,-135.348049,247
grn,57.049729,-135.347986,248
grn,57.049637,-135.347961,249
grn,57.049562,-135.347962,250
grn,57.049467,-135.34799,251
grn,57.049348,-135.34807,252
grn,57.049171,-135.348184,253
grn,57.049279,-135.348737,254
grn,57.049388,-135.349303,255
grn,57.049644,-135.350648,256
grn,57.049687,-135.350936,257
grn,57.049704,-135.351081,258
grn,57.049719,-135.351232,259
grn,57.049724,-135.35137,260
grn,57.049729,-135.35159,261
grn,57.049725,-135.351829,262
grn,57.049706,-135.35213,263
grn,57.049667,-135.352465,264
grn,57.049614,-135.352766,265
grn,57.04955,-135.353034,266
grn,57.049475,-135.353286,267
grn,57.049348,-135.353615,268
grn,57.049204,-135.353961,269
grn,57.049348,-135.354205,270
grn,57.04941,-135.354356,271
grn,57.04946,-135.354552,272
grn,57.049529,-135.354938,273
grn,57.049589,-135.355182,274
grn,57.049665,-135.355429,275
grn,57.049767,-135.355662,276
grn,57.049885,-135.355866,277
grn,57.050026,-135.356049,278
grn,57.050172,-135.356181,279
grn,57.050267,-135.356248,280
grn,57.050459,-135.356339,281
grn,57.050673,-135.356434,282
grn,57.050869,-135.356523,283
grn,57.050965,-135.35655,284
grn,57.051106,-135.356595,285
grn,57.051193,-135.356601,286
grn,57.05131,-135.356587,287
grn,57.051559,-135.356506,288
grn,57.051993,-135.356349,289
grn,57.051977,-135.356158,290
grn,57.051964,-135.35593,291
grn,57.051977,-135.355796,292
grn,57.052031,-135.355667,293
grn,57.052112,-135.355522,294
grn,57.052149,-135.355498,295
grn,57.052499,-135.355517,296
grn,57.052587,-135.355646,297
grn,57.052469,-135.355879,298
grn,57.052391,-135.356017,299
grn,57.052309,-135.356131,300
grn,57.052198,-135.356247,301
grn,57.052085,-135.356314,302
grn,57.051993,-135.356349,303
grn,57.051559,-135.356506,304
grn,57.05131,-135.356587,305
grn,57.051193,-135.356601,306
grn,57.051106,-135.356595,307
grn,57.050965,-135.35655,308
grn,57.050869,-135.356523,309
grn,57.050673,-135.356434,310
grn,57.050459,-135.356339,311
grn,57.050267,-135.356248,312
grn,57.050172,-135.356181,313
grn,57.050026,-135.356049,314
grn,57.049885,-135.355866,315
grn,57.049767,-135.355662,316
grn,57.049665,-135.355429,317
grn,57.049589,-135.355182,318
grn,57.049529,-135.354938,319
grn,57.04946,-135.354552,320
grn,57.04941,-135.354356,321
grn,57.049348,-135.354205,322
grn,57.049204,-135.353961,323
grn,57.049348,-135.353615,324
grn,57.049475,-135.353286,325
grn,57.04955,-135.353034,326
grn,57.049614,-135.352766,327
grn,57.049667,-135.352465,328
grn,57.049706,-135.35213,329
grn,57.049725,-135.351829,330
grn,57.049729,-135.35159,331
grn,57.049724,-135.35137,332
grn,57.049719,-135.351232,333
grn,57.049704,-135.351081,334
grn,57.049687,-135.350936,335
grn,57.049644,-135.350648,336
grn,57.049388,-135.349303,337
grn,57.049279,-135.348737,338
grn,57.049123,-135.348825,339
grn,57.049006,-135.348298,340
grn,57.049171,-135.348184,341
grn,57.049096,-135.347809,342
grn,57.049026,-135.347533,343
grn,57.048951,-135.3473,344
grn,57.048865,-135.34709,345
grn,57.048783,-135.346922,346
grn,57.048686,-135.346749,347
grn,57.048577,-135.346584,348
grn,57.048461,-135.346431,349
grn,57.048246,-135.346156,350
grn,57.048138,-135.34601,351
grn,57.048015,-135.34581,352
grn,57.047939,-135.345645,353
grn,57.047869,-135.345463,354
grn,57.04781,-135.345275,355
grn,57.047754,-135.345046,356
grn,57.047714,-135.344812,357
grn,57.047689,-135.344564,358
grn,57.047684,-135.344194,359
grn,57.047711,-135.343521,360
grn,57.047778,-135.342151,361
grn,57.047994,-135.338105,362
grn,57.048018,-135.337707,363
grn,57.048059,-135.33742,364
grn,57.048136,-135.337101,365
grn,57.048206,-135.336893,366
grn,57.048302,-135.336679,367
grn,57.048395,-135.336521,368
grn,57.048578,-135.33628,369
grn,57.048824,-135.335979,370
grn,57.049075,-135.335657,371
grn,57.049137,-135.335793,372
grn,57.049173,-135.335935,373
grn,57.049172,-135.336044,374
grn,57.049136,-135.336155,375
grn,57.04863,-135.33663,376
grn,57.048507,-135.336744,377
grn,57.048434,-135.336839,378
grn,57.048354,-135.337008,379
grn,57.04832,-135.337139,380
grn,57.04825,-135.337461,381
grn,57.04817,-135.337844,382
grn,57.048157,-135.338052,383
grn,57.04817,-135.338253,384
grn,57.048188,-135.338362,385
grn,57.048238,-135.338525,386
grn,57.048311,-135.338673,387
grn,57.048949,-135.339417,388
grn,57.049245,-135.33846,389
grn,57.049903,-135.339141,390
grn,57.049984,-135.339228,391
grn,57.050042,-135.339306,392
grn,57.050092,-135.339388,393
grn,57.050233,-135.339662,394
red,57.059999,-135.349395,0
red,57.059805,-135.349139,1
red,57.05989,-135.348897,2
red,57.059964,-135.348683,3
red,57.059615,-135.348254,4
red,57.058718,-135.347228,5
red,57.058052,-135.346365,6
red,57.057912,-135.346207,7
red,57.05738,-135.345543,8
red,57.057122,-135.346249,9
red,57.057,-135.3461,10
red,57.057001,-135.345868,11
red,57.056854,-135.345652,12
red,57.056815,-135.345357,13
red,57.056643,-135.345141,14
red,57.05676,-135.344783,15
red,57.056625,-135.344598,16
red,57.05649,-135.344394,17
red,57.056347,-135.34414,18
red,57.056151,-135.343729,19
red,57.055918,-135.3431,20
red,57.055568,-135.342024,21
red,57.055457,-135.341698,22
red,57.055292,-135.34114,23
red,57.055161,-135.340625,24
red,57.055044,-135.340032,25
red,57.054949,-135.339219,26
red,57.054887,-135.338713,27
red,57.054823,-135.338424,28
red,57.054744,-135.338139,29
red,57.054677,-135.337968,30
red,57.054563,-135.337699,31
red,57.053523,-135.335425,32
red,57.053298,-135.335108,33
red,57.053174,-135.334986,34
red,57.053145,-135.334956,35
red,57.053122,-135.334912,36
red,57.053025,-135.334666,37
red,57.052813,-135.334584,38
red,57.052377,-135.334455,39
red,57.052171,-135.334276,40
red,57.052012,-135.334049,41
red,57.051724,-135.33338,42
red,57.051597,-135.333152,43
red,57.051515,-135.333053,44
red,57.051338,-135.332918,45
red,57.051235,-135.33287,46
red,57.051039,-135.332831,47
red,57.050768,-135.332768,48
red,57.050616,-135.332756,49
red,57.050507,-135.33278,50
red,57.05041,-135.332827,51
red,57.050319,-135.332892,52
red,57.050235,-135.33298,53
red,57.050172,-135.333062,54
red,57.050108,-135.333158,55
red,57.050056,-135.333255,56
red,57.050007,-135.333376,57
red,57.049721,-135.334175,58
red,57.049494,-135.334797,59
red,57.049385,-135.335059,60
red,57.049268,-135.3353,61
red,57.049203,-135.335429,62
red,57.049075,-135.335657,63
red,57.049137,-135.335793,64
red,57.049173,-135.335935,65
red,57.049172,-135.336044,66
red,57.049136,-135.336155,67
red,57.04863,-135.33663,68
red,57.048507,-135.336744,69
red,57.048434,-135.336839,70
red,57.048354,-135.337008,71
red,57.04832,-135.337139,72
red,57.04825,-135.337461,73
red,57.04817,-135.337844,74
red,57.048157,-135.338052,75
red,57.04817,-135.338253,76
red,57.048188,-135.338362,77
red,57.048238,-135.338525,78
red,57.048311,-135.338673,79
red,57.048949,-135.339417,80
red,57.049245,-135.33846,81
red,57.049532,-135.337518,82
red,57.049654,-135.337003,83
red,57.049831,-135.336134,84
red,57.049901,-135.335868,85
red,57.049878,-135.335656,86
red,57.049916,-135.335261,87
red,57.049983,-135.335064,88
red,57.050188,-135.334905,89
red,57.050431,-135.334363,90
red,57.050698,-135.3337,91
red,57.050992,-135.332978,92
red,57.051039,-135.332831,93
red,57.051074,-135.332653,94
red,57.051035,-135.33252,95
red,57.05107,-135.332081,96
red,57.051134,-135.331881,97
red,57.050919,-135.331806,98
red,57.050136,-135.331828,99
red,57.050238,-135.332465,100
red,57.05041,-135.332827,101
red,57.050507,-135.33278,102
red,57.050616,-135.332756,103
red,57.050768,-135.332768,104
red,57.051039,-135.332831,105
red,57.051235,-135.33287,106
red,57.051338,-135.332918,107
red,57.051515,-135.333053,108
red,57.051597,-135.333152,109
red,57.051724,-135.33338,110
red,57.052012,-135.334049,111
red,57.052171,-135.334276,112
red,57.052377,-135.334455,113
red,57.052813,-135.334584,114
red,57.053025,-135.334666,115
red,57.053118,-135.334624,116
red,57.053154,-135.334559,117
red,57.053184,-135.334532,118
red,57.053233,-135.334518,119
red,57.053282,-135.334539,120
red,57.053322,-135.334593,121
red,57.053351,-135.334668,122
red,57.053361,-135.334757,123
red,57.053353,-135.334848,124
red,57.053408,-135.335143,125
red,57.053523,-135.335425,126
red,57.054563,-135.337699,127
red,57.054677,-135.337968,128
red,57.054744,-135.338139,129
red,57.054823,-135.338424,130
red,57.054887,-135.338713,131
red,57.054949,-135.339219,132
red,57.055044,-135.340032,133
red,57.055161,-135.340625,134
red,57.055292,-135.34114,135
red,57.055457,-135.341698,136
red,57.055568,-135.342024,137
red,57.055918,-135.3431,138
red,57.056151,-135.343729,139
red,57.056347,-135.34414,140
red,57.05649,-135.344394,141
red,57.056625,-135.344598,142
red,57.05676,-135.344783,143
red,57.05738,-135.345543,144
red,57.057122,-135.346249,145
red,57.057,-135.3461,146
red,57.057001,-135.345868,147
red,57.056854,-135.345652,148
red,57.056815,-135.345357,149
red,57.056643,-135.345141,150
red,57.05676,-135.344783,151
red,57.05738,-135.345543,152
red,57.057912,-135.346207,153
red,57.058052,-135.346365,154
red,57.058718,-135.347228,155
red,57.059615,-135.348254,156
red,57.05982,-135.347671,157
red,57.060027,-135.347271,158
red,57.060129,-135.347077,159
red,57.059864,-135.345962,160
red,57.060563,-135.34367,161
red,57.06066,-135.343403,162
red,57.060721,-135.343285,163
red,57.060791,-135.343219,164
red,57.061701,-135.342646,165
red,57.061765,-135.342172,166
red,57.061759,-135.341976,167
red,57.062186,-135.34209,168
red,57.06237,-135.341928,169
red,57.062489,-135.34189,170
red,57.062591,-135.341888,171
red,57.062594,-135.341535,172
red,57.062912,-135.341529,173
red,57.062913,-135.34188,174
red,57.062591,-135.341888,175
red,57.062489,-135.34189,176
red,57.06237,-135.341928,177
red,57.062186,-135.34209,178
red,57.061759,-135.341976,179
red,57.061765,-135.342172,180
red,57.061701,-135.342646,181
red,57.061182,-135.346238,182
red,57.061536,-135.346409,183
red,57.061569,-135.346431,184
red,57.061601,-135.346468,185
red,57.061643,-135.346555,186
red,57.0617,-135.346716,187
red,57.061976,-135.347482,188
red,57.062068,-135.34755,189
red,57.062116,-135.347566,190
red,57.062141,-135.347588,191
red,57.062174,-135.347632,192
red,57.062197,-135.34769,193
red,57.062205,-135.347778,194
red,57.062198,-135.347835,195
red,57.062218,-135.348115,196
red,57.062718,-135.349484,197
red,57.063282,-135.351037,198
red,57.063692,-135.352182,199
red,57.064105,-135.353334,200
red,57.064926,-135.355602,201
red,57.066479,-135.359891,202
red,57.06657,-135.360014,203
red,57.066499,-135.36015,204
red,57.065718,-135.361125,205
red,57.065943,-135.361744,206
red,57.065987,-135.361864,207
red,57.066017,-135.361985,208
red,57.066033,-135.362069,209
red,57.066038,-135.362181,210
red,57.066035,-135.362304,211
red,57.066008,-135.36248,212
red,57.065973,-135.362633,213
red,57.065766,-135.363269,214
red,57.066024,-135.363558,215
red,57.066369,-135.363946,216
red,57.066592,-135.364186,217
red,57.066784,-135.3644,218
red,57.067054,-135.36471,219
red,57.067363,-135.365045,220
red,57.067629,-135.365336,221
red,57.068191,-135.365962,222
red,57.068347,-135.366124,223
red,57.068683,-135.36641,224
red,57.069076,-135.366672,225
red,57.069052,-135.367092,226
red,57.068962,-135.367362,227
red,57.068836,-135.367801,228
red,57.068363,-135.367713,229
red,57.068315,-135.367597,230
red,57.068551,-135.366766,231
red,57.068782,-135.367015,232
red,57.068962,-135.367362,233
red,57.069052,-135.367092,234
red,57.069076,-135.366672,235
red,57.069209,-135.366728,236
red,57.069397,-135.366807,237
red,57.069736,-135.366968,238
red,57.070265,-135.367215,239
red,57.070686,-135.36741,240
red,57.071046,-135.367574,241
red,57.071226,-135.367651,242
red,57.07142,-135.367746,243
red,57.071621,-135.367838,244
red,57.071814,-135.367938,245
red,57.072073,-135.368097,246
red,57.072375,-135.368318,247
red,57.072722,-135.368652,248
red,57.073076,-135.369081,249
red,57.073382,-135.369452,250
red,57.073751,-135.369892,251
red,57.073993,-135.37019,252
red,57.075295,-135.371746,253
red,57.075872,-135.372418,254
red,57.076714,-135.373418,255
red,57.076923,-135.373672,256
red,57.077191,-135.373983,257
red,57.077861,-135.374781,258
red,57.078326,-135.37533,259
red,57.078574,-135.37562,260
red,57.078783,-135.375844,261
red,57.079037,-135.376091,262
red,57.079471,-135.376454,263
red,57.079773,-135.376669,264
red,57.08,-135.37681,265
red,57.080288,-135.376971,266
red,57.081422,-135.37764,267
red,57.081741,-135.377859,268
red,57.082314,-135.378324,269
red,57.082891,-135.378864,270
red,57.083529,-135.379468,271
red,57.084094,-135.380024,272
red,57.084761,-135.380674,273
red,57.085257,-135.381175,274
red,57.085638,-135.381554,275
red,57.086155,-135.382086,276
red,57.08669,-135.382631,277
red,57.086847,-135.382791,278
red,57.087158,-135.383108,279
red,57.087366,-135.38332,280
red,57.087832,-135.383804,281
red,57.08802,-135.384026,282
red,57.088201,-135.384276,283
red,57.088339,-135.38449,284
red,57.088484,-135.384742,285
red,57.088674,-135.385142,286
red,57.088874,-135.385633,287
red,57.089037,-135.386053,288
red,57.089175,-135.386404,289
red,57.08925,-135.386595,290
red,57.089431,-135.387054,291
red,57.089586,-135.387439,292
red,57.089839,-135.387968,293
red,57.090103,-135.388417,294
red,57.090496,-135.388911,295
red,57.090952,-135.389384,296
red,57.091381,-135.389827,297
red,57.091913,-135.390375,298
red,57.092482,-135.390953,299
red,57.092783,-135.391247,300
red,57.093074,-135.391514,301
red,57.093223,-135.391647,302
red,57.09359,-135.39196,303
red,57.093994,-135.392303,304
red,57.094352,-135.392606,305
red,57.094824,-135.393002,306
red,57.095349,-135.393442,307
red,57.095727,-135.393759,308
red,57.096118,-135.394091,309
red,57.096283,-135.394235,310
red,57.096567,-135.394516,311
red,57.096889,-135.394861,312
red,57.097222,-135.395258,313
red,57.097624,-135.395723,314
red,57.097795,-135.395928,315
red,57.098098,-135.396294,316
red,57.098564,-135.396821,317
red,57.099045,-135.397263,318
red,57.099351,-135.397486,319
red,57.099589,-135.397646,320
red,57.099909,-135.397864,321
red,57.100625,-135.398338,322
red,57.101205,-135.398734,323
red,57.101503,-135.398929,324
red,57.102302,-135.399484,325
red,57.102647,-135.399727,326
red,57.102989,-135.399966,327
red,57.103629,-135.400419,328
red,57.104183,-135.400813,329
red,57.104464,-135.401,330
red,57.104717,-135.401115,331
red,57.104923,-135.401154,332
red,57.105121,-135.401154,333
red,57.105407,-135.401092,334
red,57.105717,-135.400929,335
red,57.105826,-135.400854,336
red,57.10603,-135.40068,337
red,57.106319,-135.400443,338
red,57.106735,-135.400101,339
red,57.107295,-135.399633,340
red,57.107571,-135.399407,341
red,57.107779,-135.399237,342
red,57.108156,-135.398933,343
red,57.108504,-135.398651,344
red,57.108921,-135.398306,345
red,57.109106,-135.398156,346
red,57.109584,-135.39776,347
red,57.109946,-135.397443,348
red,57.110122,-135.397278,349
red,57.110269,-135.397134,350
red,57.110408,-135.396984,351
red,57.110569,-135.396807,352
red,57.110788,-135.396552,353
red,57.110913,-135.396403,354
red,57.111035,-135.396241,355
red,57.111227,-135.395983,356
red,57.111423,-135.395709,357
red,57.111848,-135.395108,358
red,57.112132,-135.394704,359
red,57.112387,-135.394318,360
red,57.112691,-135.393918,361
red,57.11288,-135.39365,362
red,57.113347,-135.392977,363
red,57.113547,-135.392696,364
red,57.114035,-135.392016,365
red,57.114504,-135.391351,366
red,57.115074,-135.390546,367
red,57.115301,-135.390231,368
red,57.11551,-135.38993,369
red,57.115849,-135.389452,370
red,57.116383,-135.388701,371
red,57.116802,-135.388105,372
red,57.116903,-135.38796,373
red,57.117026,-135.387803,374
red,57.117152,-135.387651,375
red,57.117345,-135.387456,376
red,57.11752,-135.387298,377
red,57.117732,-135.387133,378
red,57.117863,-135.387048,379
red,57.117995,-135.386972,380
red,57.11819,-135.386876,381
red,57.118424,-135.386793,382
red,57.118642,-135.386744,383
red,57.118773,-135.386721,384
red,57.118863,-135.386714,385
red,57.119002,-135.386713,386
red,57.119347,-135.386754,387
red,57.119524,-135.386796,388
red,57.119794,-135.386892,389
red,57.120111,-135.387062,390
red,57.120378,-135.387259,391
red,57.120807,-135.387664,392
red,57.121169,-135.388026,393
red,57.12162,-135.388476,394
red,57.121996,-135.388835,395
red,57.122299,-135.389084,396
red,57.122629,-135.389296,397
red,57.122875,-135.389411,398
red,57.123167,-135.389533,399
red,57.123671,-135.389715,400
red,57.124238,-135.389933,401
red,57.124786,-135.390131,402
red,57.124923,-135.39016,403
red,57.125059,-135.390174,404
red,57.125255,-135.390151,405
red,57.1254,-135.390108,406
red,57.125524,-135.390043,407
red,57.125697,-135.389923,408
red,57.125836,-135.389797,409
red,57.125985,-135.389608,410
red,57.126126,-135.389394,411
red,57.126231,-135.389195,412
red,57.126329,-135.388973,413
red,57.1264,-135.388778,414
red,57.126484,-135.388474,415
red,57.126545,-135.388182,416
red,57.126593,-135.387824,417
red,57.126614,-135.387561,418
red,57.126622,-135.387269,419
red,57.126614,-135.387002,420
red,57.126585,-135.38666,421
red,57.126521,-135.38614,422
red,57.126447,-135.385602,423
red,57.12638,-135.385074,424
red,57.126354,-135.384645,425
red,57.126349,-135.384258,426
red,57.126365,-135.383898,427
red,57.126403,-135.383517,428
red,57.126464,-135.383139,429
red,57.126519,-135.382903,430
red,57.126602,-135.382604,431
red,57.126705,-135.382315,432
red,57.126788,-135.382118,433
red,57.12731,-135.381023,434
red,57.127665,-135.380304,435
red,57.127823,-135.379975,436
red,57.127941,-135.379706,437
red,57.128366,-135.380342,438
red,57.128262,-135.380588,439
red,57.127823,-135.379975,440
red,57.127665,-135.380304,441
red,57.12731,-135.381023,442
red,57.126788,-135.382118,443
red,57.126705,-135.382315,444
red,57.126602,-135.382604,445
red,57.126519,-135.382903,446
red,57.126464,-135.383139,447
red,57.126403,-135.383517,448
red,57.126365,-135.383898,449
red,57.126349,-135.384258,450
red,57.126354,-135.384645,451
red,57.12638,-135.385074,452
red,57.126447,-135.385602,453
red,57.126521,-135.38614,454
red,57.126585,-135.38666,455
red,57.126614,-135.387002,456
red,57.126622,-135.387269,457
red,57.126614,-135.387561,458
red,57.126593,-135.387824,459
red,57.126545,-135.388182,460
red,57.126484,-135.388474,461
red,57.1264,-135.388778,462
red,57.126329,-135.388973,463
red,57.126231,-135.389195,464
red,57.126126,-135.389394,465
red,57.125985,-135.389608,466
red,57.125836,-135.389797,467
red,57.125697,-135.389923,468
red,57.125524,-135.390043,469
red,57.1254,-135.390108,470
red,57.125255,-135.390151,471
red,57.125059,-135.390174,472
red,57.124923,-135.39016,473
red,57.124786,-135.390131,474
red,57.124238,-135.389933,475
red,57.123671,-135.389715,476
red,57.123167,-135.389533,477
red,57.122875,-135.389411,478
red,57.122629,-135.389296,479
red,57.122299,-135.389084,480
red,57.121996,-135.388835,481
red,57.12162,-135.388476,482
red,57.121169,-135.388026,483
red,57.120807,-135.387664,484
red,57.120378,-135.387259,485
red,57.120111,-135.387062,486
red,57.119794,-135.386892,487
red,57.119524,-135.386796,488
red,57.119347,-135.386754,489
red,57.119002,-135.386713,490
red,57.118863,-135.386714,491
red,57.118773,-135.386721,492
red,57.118642,-135.386744,493
red,57.118424,-135.386793,494
red,57.11819,-135.386876,495
red,57.117995,-135.386972,496
red,57.117863,-135.387048,497
red,57.117732,-135.387133,498
red,57.11752,-135.387298,499
red,57.117345,-135.387456,500
red,57.117152,-135.387651,501
red,57.117026,-135.387803,502
red,57.116903,-135.38796,503
red,57.116802,-135.388105,504
red,57.116383,-135.388701,505
red,57.115849,-135.389452,506
red,57.11551,-135.38993,507
red,57.115301,-135.390231,508
red,57.115074,-135.390546,509
red,57.114504,-135.391351,510
red,57.114035,-135.392016,511
red,57.113547,-135.392696,512
red,57.113347,-135.392977,513
red,57.11288,-135.39365,514
red,57.112691,-135.393918,515
red,57.112387,-135.394318,516
red,57.112132,-135.394704,517
red,57.111848,-135.395108,518
red,57.111423,-135.395709,519
red,57.111227,-135.395983,520
red,57.111035,-135.396241,521
red,57.110913,-135.396403,522
red,57.110788,-135.396552,523
red,57.110569,-135.396807,524
red,57.110408,-135.396984,525
red,57.110269,-135.397134,526
red,57.110122,-135.397278,527
red,57.109946,-135.397443,528
red,57.109584,-135.39776,529
red,57.109106,-135.398156,530
red,57.108921,-135.398306,531
red,57.108504,-135.398651,532
red,57.108156,-135.398933,533
red,57.107779,-135.399237,534
red,57.107571,-135.399407,535
red,57.107295,-135.399633,536
red,57.106735,-135.400101,537
red,57.106319,-135.400443,538
red,57.10603,-135.40068,539
red,57.105826,-135.400854,540
red,57.105717,-135.400929,541
red,57.105407,-135.401092,542
red,57.105121,-135.401154,543
red,57.104923,-135.401154,544
red,57.104717,-135.401115,545
red,57.104464,-135.401,546
red,57.104183,-135.400813,547
red,57.103629,-135.400419,548
red,57.102989,-135.399966,549
red,57.102647,-135.399727,550
red,57.102302,-135.399484,551
red,57.101503,-135.398929,552
red,57.101205,-135.398734,553
red,57.100625,-135.398338,554
red,57.099909,-135.397864,555
red,57.099589,-135.397646,556
red,57.099351,-135.397486,557
red,57.099045,-135.397263,558
red,57.098564,-135.396821,559
red,57.098098,-135.396294,560
red,57.097795,-135.395928,561
red,57.097624,-135.395723,562
red,57.097222,-135.395258,563
red,57.096889,-135.394861,564
red,57.096567,-135.394516,565
red,57.096283,-135.394235,566
red,57.096118,-135.394091,567
red,57.095727,-135.393759,568
red,57.095349,-135.393442,569
red,57.094824,-135.393002,570
red,57.094352,-135.392606,571
red,57.093994,-135.392303,572
red,57.09359,-135.39196,573
red,57.093223,-135.391647,574
red,57.093074,-135.391514,575
red,57.092783,-135.391247,576
red,57.092482,-135.390953,577
red,57.091913,-135.390375,578
red,57.091381,-135.389827,579
red,57.090952,-135.389384,580
red,57.090496,-135.388911,581
red,57.090103,-135.388417,582
red,57.089839,-135.387968,583
red,57.089586,-135.387439,584
red,57.089431,-135.387054,585
red,57.08925,-135.386595,586
red,57.089037,-135.386053,587
red,57.088874,-135.385633,588
red,57.088674,-135.385142,589
red,57.088484,-135.384742,590
red,57.088339,-135.38449,591
red,57.088201,-135.384276,592
red,57.08802,-135.384026,593
red,57.087832,-135.383804,594
red,57.087366,-135.38332,595
red,57.087158,-135.383108,596
red,57.086847,-135.382791,597
red,57.08669,-135.382631,598
red,57.086155,-135.382086,599
red,57.085638,-135.381554,600
red,57.085257,-135.381175,601
red,57.084761,-135.380674,602
red,57.084094,-135.380024,603
red,57.083529,-135.379468,604
red,57.082891,-135.378864,605
red,57.082314,-135.378324,606
red,57.081741,-135.377859,607
red,57.081422,-135.37764,608
red,57.080288,-135.376971,609
red,57.08,-135.37681,610
red,57.079773,-135.376669,611
red,57.079471,-135.376454,612
red,57.079037,-135.376091,613
red,57.078783,-135.375844,614
red,57.078574,-135.37562,615
red,57.078326,-135.37533,616
red,57.077861,-135.374781,617
red,57.077191,-135.373983,618
red,57.076923,-135.373672,619
red,57.076714,-135.373418,620
red,57.075872,-135.372418,621
red,57.075295,-135.371746,622
red,57.073993,-135.37019,623
red,57.073751,-135.369892,624
red,57.073382,-135.369452,625
red,57.073076,-135.369081,626
red,57.072722,-135.368652,627
red,57.072375,-135.368318,628
red,57.072073,-135.368097,629
red,57.071814,-135.367938,630
red,57.071621,-135.367838,631
red,57.07142,-135.367746,632
red,57.071226,-135.367651,633
red,57.071046,-135.367574,634
red,57.070686,-135.36741,635
red,57.070265,-135.367215,636
red,57.069736,-135.366968,637
red,57.069397,-135.366807,638
red,57.069209,-135.366728,639
red,57.069076,-135.366672,640
red,57.069052,-135.367092,641
red,57.068962,-135.367362,642
red,57.068836,-135.367801,643
red,57.068363,-135.367713,644
red,57.068315,-135.367597,645
red,57.068551,-135.366766,646
red,57.068782,-135.367015,647
red,57.068962,-135.367362,648
red,57.069052,-135.367092,649
red,57.069076,-135.366672,650
red,57.068683,-135.36641,651
red,57.068347,-135.366124,652
red,57.068191,-135.365962,653
red,57.067629,-135.365336,654
red,57.067556,-135.365259,655
red,57.067363,-135.365045,656
red,57.067054,-135.36471,657
red,57.066784,-135.3644,658
red,57.066592,-135.364186,659
red,57.066369,-135.363946,660
red,57.066024,-135.363558,661
red,57.065766,-135.363269,662
red,57.065641,-135.363133,663
red,57.06551,-135.362978,664
red,57.065279,-135.362628,665
red,57.065152,-135.362394,666
red,57.064967,-135.362014,667
red,57.064619,-135.361296,668
red,57.064344,-135.360706,669
red,57.064244,-135.360421,670
red,57.064177,-135.360191,671
red,57.06412,-135.359946,672
red,57.064073,-135.359672,673
red,57.064035,-135.359404,674
red,57.063963,-135.358853,675
red,57.063844,-135.357972,676
red,57.063784,-135.357521,677
red,57.063722,-135.357103,678
red,57.063668,-135.356781,679
red,57.063603,-135.356438,680
red,57.063442,-135.355741,681
red,57.06337,-135.355452,682
red,57.063254,-135.355018,683
red,57.062974,-135.353977,684
red,57.062786,-135.35328,685
red,57.062703,-135.352993,686
red,57.062602,-135.352679,687
red,57.062498,-135.352378,688
red,57.062395,-135.352107,689
red,57.062258,-135.351794,690
red,57.062102,-135.351481,691
red,57.061983,-135.35126,692
red,57.061797,-135.350945,693
red,57.061659,-135.350728,694
red,57.061499,-135.350508,695
red,57.061351,-135.350321,696
red,57.060939,-135.349832,697
red,57.060436,-135.349241,698
red,57.059964,-135.348683,699
red,57.05989,-135.348897,700
red,57.060091,-135.349117,701
red,57.059999,-135.349395,702
